 180
     0.000     7.807    14.751    20.937    26.459    31.392    35.804    39.754    43.289    46.454
    49.290    51.830    54.059    55.983    57.675    59.169    60.502    61.703    62.798    63.806
    64.748    65.639    66.476    67.262    67.976    68.626    69.226    69.751    70.205    70.595
    70.922    71.199    71.435    71.635    71.801    71.942    72.059    72.161    72.250    72.325
    72.388    72.443    72.493    72.540    72.583    72.621    72.658    72.691    72.721    72.749
    72.774
 185
     0.000     7.807    14.751    20.937    26.459    31.392    35.804    39.754    43.289    46.454
    49.290    51.830    54.059    55.983    57.675    59.169    60.502    61.703    62.798    63.806
    64.748    65.639    66.476    67.262    67.976    68.626    69.226    69.751    70.205    70.595
    70.922    71.199    71.435    71.635    71.801    71.942    72.059    72.161    72.250    72.325
    72.388    72.443    72.493    72.540    72.583    72.621    72.658    72.691    72.721    72.749
    72.774
 190
     0.000     7.807    14.751    20.937    26.459    31.392    35.804    39.754    43.289    46.454
    49.290    51.830    54.059    55.983    57.675    59.169    60.502    61.703    62.798    63.806
    64.748    65.639    66.476    67.262    67.976    68.626    69.226    69.751    70.205    70.595
    70.922    71.199    71.435    71.635    71.801    71.942    72.059    72.161    72.250    72.325
    72.388    72.443    72.493    72.540    72.583    72.621    72.658    72.691    72.721    72.749
    72.774
 195
     0.000     7.807    14.751    20.937    26.459    31.392    35.804    39.754    43.289    46.454
    49.290    51.830    54.059    55.983    57.675    59.169    60.502    61.703    62.798    63.806
    64.748    65.639    66.476    67.262    67.976    68.626    69.226    69.751    70.205    70.595
    70.922    71.199    71.435    71.635    71.801    71.942    72.059    72.161    72.250    72.325
    72.388    72.443    72.493    72.540    72.583    72.621    72.658    72.691    72.721    72.749
    72.774
 200
     0.000     7.807    14.751    20.937    26.459    31.392    35.804    39.754    43.289    46.454
    49.290    51.830    54.059    55.983    57.675    59.169    60.502    61.703    62.798    63.806
    64.748    65.639    66.476    67.262    67.976    68.626    69.226    69.751    70.205    70.595
    70.922    71.199    71.435    71.635    71.801    71.942    72.059    72.161    72.250    72.325
    72.388    72.443    72.493    72.540    72.583    72.621    72.658    72.691    72.721    72.749
    72.774
 205
     0.000     6.770    12.786    18.142    22.920    27.188    31.005    34.421    37.479    40.217
    42.670    44.867    46.797    48.469    49.951    51.273    52.467    53.557    54.564    55.509
    56.406    57.270    58.093    58.877    59.594    60.251    60.863    61.400    61.866    62.265
    62.600    62.883    63.125    63.329    63.497    63.640    63.758    63.861    63.950    64.025
    64.088    64.143    64.193    64.240    64.283    64.323    64.360    64.394    64.426    64.454
    64.481
 210
     0.000     5.745    10.843    15.377    19.420    23.030    26.258    29.147    31.732    34.048
    36.122    37.981    39.615    41.037    42.312    43.464    44.520    45.500    46.423    47.304
    48.157    48.994    49.805    50.586    51.307    51.972    52.597    53.147    53.624    54.033
    54.376    54.665    54.912    55.121    55.291    55.436    55.555    55.658    55.748    55.824
    55.886    55.941    55.991    56.039    56.083    56.123    56.161    56.196    56.229    56.258
    56.286
 215
     0.000     4.867     9.180    13.012    16.427    19.475    22.200    24.639    26.822    28.777
    30.529    32.099    33.482    34.697    35.811    36.842    37.812    38.739    39.638    40.522
    41.404    42.292    43.170    44.032    44.834    45.582    46.292    46.918    47.462    47.929
    48.320    48.649    48.931    49.167    49.360    49.522    49.655    49.771    49.871    49.955
    50.024    50.084    50.140    50.193    50.242    50.288    50.332    50.372    50.409    50.444
    50.476
 220
     0.000     3.998     7.533    10.670    13.462    15.954    18.180    20.173    21.957    23.556
    24.988    26.273    27.407    28.417    29.372    30.283    31.168    32.043    32.919    33.808
    34.718    35.658    36.604    37.547    38.431    39.262    40.056    40.759    41.371    41.895
    42.334    42.703    43.019    43.284    43.499    43.679    43.826    43.954    44.064    44.157
    44.232    44.298    44.360    44.418    44.473    44.525    44.574    44.619    44.661    44.701
    44.738
 225
     0.000     3.156     5.939     8.403    10.596    12.552    14.301    15.869    17.273    18.533
    19.664    20.680    21.588    22.440    23.336    24.279    25.281    26.354    27.508    28.752
    30.091    31.533    33.028    34.552    35.999    37.372    38.702    39.881    40.911    41.794
    42.530    43.150    43.680    44.124    44.480    44.779    45.019    45.230    45.410    45.562
    45.683    45.790    45.890    45.986    46.078    46.164    46.246    46.322    46.395    46.462
    46.526
 230
     0.000     2.321     4.356     6.153     7.750     9.175    10.450    11.596    12.623    13.546
    14.378    15.128    15.812    16.507    17.346    18.321    19.440    20.713    22.146    23.745
    25.514    27.459    29.502    31.608    33.617    35.534    37.400    39.055    40.503    41.744
    42.778    43.648    44.393    45.015    45.514    45.931    46.265    46.558    46.809    47.018
    47.187    47.334    47.473    47.606    47.735    47.856    47.971    48.079    48.181    48.276
    48.366
 235
     0.000     1.640     3.069     4.325     5.441     6.438     7.331     8.141     8.868     9.525
    10.122    10.663    11.178    11.785    12.672    13.817    15.226    16.904    18.857    21.086
    23.597    26.392    29.353    32.421    35.360    38.170    40.913    43.350    45.481    47.307
    48.830    50.109    51.206    52.120    52.853    53.463    53.953    54.381    54.748    55.055
    55.300    55.515    55.717    55.913    56.102    56.279    56.449    56.608    56.759    56.899
    57.032
 240
     0.000     0.965     1.791     2.510     3.148     3.719     4.234     4.710     5.138     5.532
     5.894     6.228     6.576     7.095     8.032     9.348    11.047    13.131    15.603    18.465
    21.718    25.362    29.241    33.273    37.141    40.845    44.465    47.682    50.497    52.910
    54.920    56.610    58.057    59.264    60.230    61.035    61.680    62.244    62.727    63.130
    63.453    63.735    64.001    64.259    64.508    64.741    64.967    65.176    65.377    65.561
    65.738
 245
     0.000     0.846     1.569     2.197     2.755     3.256     3.711     4.136     4.519     4.874
     5.203     5.509     5.841     6.382     7.414     8.892    10.819    13.198    16.029    19.315
    23.056    27.254    31.723    36.374    40.836    45.109    49.288    53.001    56.250    59.035
    61.356    63.306    64.977    66.369    67.484    68.413    69.157    69.807    70.365    70.830
    71.202    71.527    71.834    72.131    72.419    72.689    72.949    73.190    73.422    73.635
    73.839
 250
     0.000     0.731     1.353     1.893     2.374     2.808     3.204     3.579     3.918     4.236
     4.534     4.814     5.130     5.694     6.821     8.463    10.619    13.292    16.483    20.193
    24.423    29.173    34.235    39.504    44.559    49.403    54.139    58.349    62.033    65.190
    67.821    70.031    71.926    73.504    74.768    75.821    76.663    77.400    78.032    78.559
    78.981    79.349    79.697    80.034    80.360    80.666    80.960    81.234    81.497    81.739
    81.970
 255
     0.000     0.681     1.258     1.759     2.206     2.610     2.980     3.332     3.651     3.951
     4.233     4.499     4.805     5.367     6.508     8.177    10.375    13.104    16.364    20.157
    24.482    29.341    34.520    39.911    45.084    50.041    54.888    59.197    62.966    66.197
    68.890    71.152    73.091    74.707    76.000    77.077    77.939    78.694    79.340    79.879
    80.311    80.688    81.044    81.389    81.723    82.035    82.336    82.616    82.886    83.133
    83.370
 260
     0.000     0.633     1.169     1.632     2.047     2.423     2.768     3.098     3.398     3.681
     3.948     4.201     4.498     5.059     6.214     7.912    10.152    12.937    16.266    20.142
    24.563    29.531    34.827    40.340    45.632    50.701    55.660    60.067    63.923    67.228
    69.982    72.296    74.279    75.932    77.254    78.356    79.238    80.010    80.671    81.222
    81.663    82.049    82.413    82.766    83.108    83.427    83.736    84.022    84.297    84.551
    84.793
 265
     0.000     0.570     1.047     1.457     1.821     2.150     2.450     2.735     2.993     3.236
     3.465     3.682     3.933     4.398     5.349     6.743     8.580    10.862    13.589    16.763
    20.382    24.449    28.784    33.296    37.626    41.775    45.833    49.439    52.595    55.300
    57.554    59.447    61.070    62.423    63.505    64.407    65.128    65.760    66.301    66.752
    67.113    67.429    67.727    68.016    68.295    68.557    68.809    69.043    69.269    69.476
    69.674
 270
     0.000     0.508     0.929     1.288     1.603     1.885     2.141     2.382     2.600     2.804
     2.996     3.176     3.381     3.752     4.499     5.590     7.024     8.804    10.929    13.400
    16.218    19.384    22.757    26.269    29.638    32.867    36.024    38.830    41.285    43.389
    45.143    46.616    47.879    48.931    49.773    50.475    51.036    51.528    51.949    52.300
    52.581    52.827    53.058    53.283    53.501    53.704    53.900    54.083    54.258    54.419
    54.574
 275
     0.000     0.449     0.815     1.123     1.390     1.627     1.840     2.039     2.217     2.383
     2.538     2.682     2.843     3.119     3.663     4.451     5.483     6.760     8.283    10.053
    12.069    14.334    16.746    19.257    21.666    23.973    26.230    28.235    29.990    31.494
    32.747    33.800    34.703    35.455    36.057    36.559    36.960    37.311    37.612    37.863
    38.064    38.240    38.406    38.566    38.722    38.867    39.007    39.138    39.263    39.378
    39.489
 280
     0.000     0.391     0.704     0.963     1.184     1.376     1.547     1.704     1.844     1.972
     2.090     2.200     2.316     2.498     2.839     3.324     3.953     4.728     5.650     6.718
     7.934     9.297    10.748    12.258    13.706    15.093    16.450    17.655    18.709    19.613
    20.366    20.999    21.541    21.993    22.355    22.656    22.898    23.109    23.290    23.441
    23.561    23.667    23.767    23.863    23.957    24.044    24.128    24.207    24.282    24.351
    24.417
 285
     0.000     0.355     0.635     0.863     1.056     1.223     1.369     1.501     1.619     1.726
     1.824     1.913     2.005     2.140     2.377     2.709     3.137     3.660     4.280     4.997
     5.812     6.724     7.694     8.703     9.671    10.598    11.503    12.308    13.012    13.616
    14.118    14.541    14.903    15.205    15.447    15.648    15.809    15.950    16.071    16.172
    16.253    16.323    16.390    16.455    16.517    16.575    16.632    16.684    16.734    16.780
    16.825
 290
     0.000     0.320     0.568     0.768     0.933     1.075     1.197     1.305     1.401     1.487
     1.565     1.636     1.704     1.790     1.925     2.105     2.330     2.602     2.921     3.286
     3.700     4.161     4.651     5.159     5.647     6.113     6.568     6.972     7.326     7.629
     7.882     8.094     8.276     8.428     8.550     8.651     8.732     8.803     8.864     8.915
     8.955     8.991     9.024     9.057     9.088     9.118     9.146     9.172     9.197     9.221
     9.243
 295
     0.000     0.301     0.533     0.718     0.871     1.000     1.111     1.209     1.296     1.373
     1.443     1.506     1.566     1.638     1.745     1.886     2.059     2.267     2.509     2.786
     3.099     3.447     3.816     4.199     4.565     4.916     5.258     5.562     5.828     6.056
     6.247     6.406     6.543     6.657     6.749     6.825     6.886     6.939     6.985     7.023
     7.054     7.081     7.106     7.130     7.154     7.176     7.197     7.217     7.236     7.253
     7.270
 300
     0.000     0.283     0.500     0.671     0.811     0.929     1.030     1.118     1.196     1.265
     1.327     1.383     1.435     1.493     1.573     1.674     1.796     1.940     2.106     2.294
     2.506     2.741     2.989     3.247     3.493     3.728     3.958     4.161     4.340     4.493
     4.620     4.727     4.819     4.895     4.956     5.008     5.049     5.084     5.115     5.141
     5.161     5.179     5.196     5.213     5.229     5.243     5.258     5.271     5.284     5.295
     5.306
 305
     0.000     0.267     0.470     0.629     0.759     0.867     0.959     1.039     1.109     1.171
     1.226     1.275     1.320     1.367     1.425     1.494     1.575     1.668     1.772     1.890
     2.021     2.165     2.317     2.474     2.624     2.767     2.906     3.029     3.137     3.230
     3.307     3.372     3.428     3.474     3.511     3.542     3.567     3.589     3.608     3.623
     3.636     3.647     3.657     3.667     3.677     3.686     3.694     3.703     3.710     3.717
     3.724
 310
     0.000     0.252     0.442     0.590     0.709     0.808     0.891     0.963     1.026     1.081
     1.130     1.173     1.212     1.247     1.284     1.321     1.361     1.402     1.446     1.493
     1.543     1.596     1.652     1.708     1.762     1.812     1.861     1.904     1.942     1.975
     2.002     2.024     2.044     2.060     2.073     2.084     2.093     2.101     2.108     2.113
     2.118     2.122     2.125     2.129     2.132     2.135     2.139     2.141     2.144     2.146
     2.149
 315
     0.000     0.242     0.422     0.562     0.674     0.767     0.845     0.912     0.970     1.022
     1.067     1.107     1.143     1.175     1.206     1.237     1.268     1.299     1.332     1.366
     1.401     1.438     1.476     1.515     1.551     1.585     1.618     1.647     1.673     1.694
     1.713     1.728     1.741     1.752     1.761     1.768     1.774     1.780     1.784     1.788
     1.791     1.794     1.796     1.799     1.801     1.803     1.805     1.807     1.809     1.810
     1.812
 320
     0.000     0.232     0.404     0.536     0.642     0.729     0.802     0.865     0.919     0.966
     1.009     1.046     1.078     1.107     1.133     1.157     1.180     1.202     1.223     1.244
     1.265     1.286     1.307     1.327     1.346     1.364     1.381     1.396     1.409     1.420
     1.429     1.437     1.444     1.450     1.454     1.458     1.461     1.464     1.466     1.468
     1.470     1.471     1.473     1.474     1.475     1.476     1.477     1.478     1.479     1.480
     1.481
 325
     0.000     0.223     0.387     0.514     0.614     0.696     0.764     0.823     0.874     0.919
     0.958     0.993     1.023     1.049     1.073     1.094     1.113     1.131     1.147     1.163
     1.179     1.194     1.208     1.222     1.235     1.247     1.258     1.267     1.276     1.283
     1.289     1.294     1.299     1.302     1.305     1.308     1.310     1.312     1.313     1.315
     1.316     1.317     1.318     1.319     1.319     1.320     1.321     1.321     1.322     1.323
     1.323
 330
     0.000     0.214     0.372     0.492     0.587     0.665     0.729     0.785     0.832     0.874
     0.911     0.943     0.971     0.996     1.016     1.035     1.050     1.064     1.076     1.087
     1.097     1.106     1.114     1.121     1.128     1.134     1.139     1.143     1.147     1.151
     1.154     1.156     1.158     1.160     1.161     1.163     1.164     1.165     1.165     1.166
     1.167     1.167     1.168     1.168     1.168     1.169     1.169     1.169     1.170     1.170
     1.170
 335
     0.000     0.207     0.358     0.473     0.563     0.637     0.698     0.750     0.795     0.834
     0.869     0.899     0.926     0.948     0.968     0.984     0.999     1.011     1.022     1.032
     1.041     1.048     1.055     1.061     1.066     1.071     1.075     1.079     1.082     1.084
     1.087     1.089     1.090     1.092     1.093     1.094     1.095     1.095     1.096     1.097
     1.097     1.098     1.098     1.098     1.099     1.099     1.099     1.099     1.100     1.100
     1.100
 340
     0.000     0.199     0.345     0.455     0.541     0.611     0.669     0.718     0.760     0.797
     0.830     0.858     0.883     0.904     0.922     0.938     0.951     0.962     0.972     0.981
     0.988     0.994     1.000     1.004     1.009     1.012     1.015     1.018     1.020     1.022
     1.024     1.025     1.026     1.027     1.028     1.029     1.030     1.030     1.031     1.031
     1.032     1.032     1.032     1.033     1.033     1.033     1.033     1.033     1.033     1.034
     1.034
 345
     0.000     0.193     0.333     0.438     0.520     0.587     0.641     0.688     0.728     0.763
     0.793     0.820     0.844     0.864     0.881     0.895     0.908     0.918     0.927     0.935
     0.942     0.947     0.952     0.957     0.960     0.963     0.966     0.968     0.970     0.972
     0.974     0.975     0.976     0.977     0.978     0.978     0.979     0.979     0.980     0.980
     0.981     0.981     0.981     0.981     0.982     0.982     0.982     0.982     0.982     0.982
     0.982
 350
     0.000     0.187     0.321     0.422     0.501     0.564     0.616     0.660     0.698     0.731
     0.760     0.785     0.807     0.826     0.842     0.855     0.867     0.877     0.885     0.892
     0.898     0.904     0.908     0.912     0.915     0.918     0.920     0.922     0.924     0.925
     0.927     0.928     0.929     0.929     0.930     0.931     0.931     0.932     0.932     0.932
     0.933     0.933     0.933     0.933     0.934     0.934     0.934     0.934     0.934     0.934
     0.934
 355
     0.000     0.181     0.311     0.408     0.483     0.543     0.592     0.634     0.670     0.701
     0.728     0.752     0.773     0.791     0.806     0.819     0.830     0.839     0.847     0.853
     0.859     0.864     0.868     0.872     0.875     0.877     0.880     0.882     0.883     0.885
     0.886     0.887     0.888     0.888     0.889     0.890     0.890     0.890     0.891     0.891
     0.891     0.892     0.892     0.892     0.892     0.892     0.893     0.893     0.893     0.893
     0.893
 360
     0.000     0.175     0.301     0.394     0.466     0.523     0.570     0.610     0.644     0.673
     0.699     0.722     0.741     0.758     0.772     0.784     0.795     0.803     0.811     0.817
     0.823     0.827     0.831     0.834     0.837     0.840     0.842     0.844     0.845     0.846
     0.848     0.849     0.849     0.850     0.851     0.851     0.852     0.852     0.852     0.853
     0.853     0.853     0.853     0.854     0.854     0.854     0.854     0.854     0.854     0.854
     0.854
 365
     0.000     0.170     0.291     0.381     0.450     0.505     0.550     0.587     0.619     0.647
     0.672     0.693     0.712     0.727     0.741     0.752     0.762     0.770     0.777     0.783
     0.788     0.793     0.796     0.800     0.802     0.805     0.807     0.808     0.810     0.811
     0.812     0.813     0.814     0.814     0.815     0.815     0.816     0.816     0.817     0.817
     0.817     0.817     0.817     0.818     0.818     0.818     0.818     0.818     0.818     0.818
     0.818
 370
     0.000     0.165     0.282     0.369     0.435     0.487     0.530     0.566     0.596     0.623
     0.646     0.666     0.684     0.699     0.711     0.722     0.731     0.739     0.746     0.751
     0.756     0.760     0.764     0.767     0.770     0.772     0.774     0.775     0.777     0.778
     0.779     0.779     0.780     0.781     0.781     0.782     0.782     0.783     0.783     0.783
     0.783     0.784     0.784     0.784     0.784     0.784     0.784     0.784     0.785     0.785
     0.785
 375
     0.000     0.161     0.274     0.358     0.421     0.471     0.512     0.546     0.575     0.600
     0.622     0.641     0.658     0.672     0.684     0.694     0.703     0.710     0.716     0.722
     0.726     0.730     0.734     0.736     0.739     0.741     0.743     0.744     0.745     0.747
     0.747     0.748     0.749     0.750     0.750     0.750     0.751     0.751     0.752     0.752
     0.752     0.752     0.752     0.753     0.753     0.753     0.753     0.753     0.753     0.753
     0.753
 380
     0.000     0.156     0.266     0.347     0.408     0.456     0.495     0.527     0.555     0.579
     0.599     0.617     0.633     0.647     0.658     0.668     0.676     0.683     0.689     0.694
     0.698     0.702     0.705     0.708     0.710     0.712     0.714     0.715     0.716     0.717
     0.718     0.719     0.720     0.720     0.721     0.721     0.721     0.722     0.722     0.722
     0.722     0.723     0.723     0.723     0.723     0.723     0.723     0.723     0.723     0.724
     0.724
 385
     0.000     0.152     0.259     0.337     0.395     0.441     0.479     0.509     0.536     0.558
     0.578     0.595     0.610     0.623     0.634     0.643     0.651     0.657     0.663     0.668
     0.672     0.675     0.678     0.681     0.683     0.685     0.686     0.688     0.689     0.690
     0.691     0.691     0.692     0.693     0.693     0.693     0.694     0.694     0.694     0.695
     0.695     0.695     0.695     0.695     0.695     0.696     0.696     0.696     0.696     0.696
     0.696
 390
     0.000     0.148     0.252     0.327     0.384     0.428     0.463     0.493     0.518     0.539
     0.558     0.574     0.589     0.601     0.611     0.620     0.627     0.633     0.639     0.643
     0.647     0.650     0.653     0.656     0.658     0.659     0.661     0.662     0.663     0.664
     0.665     0.666     0.666     0.667     0.667     0.668     0.668     0.668     0.668     0.669
     0.669     0.669     0.669     0.669     0.669     0.669     0.670     0.670     0.670     0.670
     0.670
 395
     0.000     0.144     0.245     0.318     0.372     0.415     0.449     0.477     0.501     0.521
     0.539     0.555     0.568     0.580     0.589     0.598     0.605     0.611     0.616     0.620
     0.624     0.627     0.630     0.632     0.634     0.635     0.637     0.638     0.639     0.640
     0.641     0.641     0.642     0.642     0.643     0.643     0.643     0.644     0.644     0.644
     0.644     0.645     0.645     0.645     0.645     0.645     0.645     0.645     0.645     0.645
     0.645
 400
     0.000     0.141     0.239     0.309     0.362     0.403     0.435     0.462     0.485     0.505
     0.521     0.536     0.549     0.560     0.569     0.577     0.584     0.589     0.594     0.598
     0.602     0.605     0.607     0.609     0.611     0.613     0.614     0.615     0.616     0.617
     0.618     0.619     0.619     0.619     0.620     0.620     0.621     0.621     0.621     0.621
     0.621     0.622     0.622     0.622     0.622     0.622     0.622     0.622     0.622     0.622
     0.622
 405
     0.000     0.138     0.233     0.301     0.352     0.391     0.423     0.448     0.470     0.489
     0.505     0.519     0.531     0.541     0.550     0.558     0.564     0.569     0.574     0.578
     0.581     0.584     0.586     0.588     0.590     0.592     0.593     0.594     0.595     0.596
     0.596     0.597     0.597     0.598     0.598     0.599     0.599     0.599     0.599     0.600
     0.600     0.600     0.600     0.600     0.600     0.600     0.600     0.600     0.600     0.600
     0.601
 410
     0.000     0.134     0.227     0.293     0.342     0.380     0.410     0.435     0.456     0.474
     0.489     0.502     0.514     0.524     0.532     0.539     0.545     0.550     0.555     0.558
     0.561     0.564     0.566     0.568     0.570     0.572     0.573     0.574     0.575     0.575
     0.576     0.577     0.577     0.578     0.578     0.578     0.578     0.579     0.579     0.579
     0.579     0.579     0.579     0.580     0.580     0.580     0.580     0.580     0.580     0.580
     0.580
 415
     0.000     0.131     0.222     0.286     0.333     0.370     0.399     0.423     0.442     0.459
     0.474     0.487     0.498     0.507     0.515     0.522     0.528     0.532     0.537     0.540
     0.543     0.546     0.548     0.550     0.551     0.553     0.554     0.555     0.556     0.556
     0.557     0.557     0.558     0.558     0.559     0.559     0.559     0.559     0.560     0.560
     0.560     0.560     0.560     0.560     0.560     0.560     0.560     0.561     0.561     0.561
     0.561
 420
     0.000     0.128     0.217     0.279     0.325     0.360     0.388     0.411     0.430     0.446
     0.460     0.472     0.483     0.491     0.499     0.505     0.511     0.515     0.519     0.523
     0.526     0.528     0.530     0.532     0.533     0.535     0.536     0.537     0.538     0.538
     0.539     0.539     0.540     0.540     0.540     0.541     0.541     0.541     0.541     0.542
     0.542     0.542     0.542     0.542     0.542     0.542     0.542     0.542     0.542     0.542
     0.542
 425
     0.000     0.126     0.212     0.272     0.317     0.351     0.378     0.399     0.418     0.433
     0.446     0.458     0.468     0.477     0.484     0.490     0.495     0.499     0.503     0.506
     0.509     0.511     0.513     0.515     0.517     0.518     0.519     0.520     0.520     0.521
     0.522     0.522     0.523     0.523     0.523     0.523     0.524     0.524     0.524     0.524
     0.524     0.525     0.525     0.525     0.525     0.525     0.525     0.525     0.525     0.525
     0.525
 430
     0.000     0.123     0.207     0.266     0.309     0.342     0.368     0.389     0.406     0.421
     0.434     0.445     0.454     0.462     0.469     0.475     0.480     0.484     0.488     0.491
     0.493     0.496     0.498     0.499     0.501     0.502     0.503     0.504     0.504     0.505
     0.505     0.506     0.506     0.507     0.507     0.507     0.507     0.508     0.508     0.508
     0.508     0.508     0.508     0.508     0.508     0.508     0.509     0.509     0.509     0.509
     0.509
 435
     0.000     0.121     0.202     0.260     0.302     0.334     0.358     0.378     0.395     0.409
     0.422     0.432     0.441     0.449     0.456     0.461     0.466     0.470     0.473     0.476
     0.479     0.481     0.483     0.484     0.485     0.487     0.488     0.488     0.489     0.490
     0.490     0.491     0.491     0.491     0.492     0.492     0.492     0.492     0.492     0.492
     0.493     0.493     0.493     0.493     0.493     0.493     0.493     0.493     0.493     0.493
     0.493
 440
     0.000     0.118     0.198     0.254     0.295     0.325     0.349     0.369     0.385     0.398
     0.410     0.420     0.429     0.436     0.443     0.448     0.452     0.456     0.459     0.462
     0.465     0.467     0.468     0.470     0.471     0.472     0.473     0.474     0.474     0.475
     0.476     0.476     0.476     0.477     0.477     0.477     0.477     0.477     0.478     0.478
     0.478     0.478     0.478     0.478     0.478     0.478     0.478     0.478     0.478     0.478
     0.478
 445
     0.000     0.116     0.194     0.249     0.288     0.318     0.341     0.360     0.375     0.388
     0.399     0.409     0.417     0.424     0.430     0.435     0.440     0.443     0.446     0.449
     0.451     0.453     0.455     0.456     0.457     0.458     0.459     0.460     0.461     0.461
     0.462     0.462     0.462     0.463     0.463     0.463     0.463     0.464     0.464     0.464
     0.464     0.464     0.464     0.464     0.464     0.464     0.464     0.464     0.464     0.464
     0.465
 450
     0.000     0.114     0.190     0.243     0.282     0.311     0.333     0.351     0.366     0.378
     0.389     0.398     0.406     0.413     0.419     0.423     0.427     0.431     0.434     0.436
     0.439     0.440     0.442     0.443     0.445     0.445     0.446     0.447     0.448     0.448
     0.449     0.449     0.449     0.450     0.450     0.450     0.450     0.450     0.450     0.451
     0.451     0.451     0.451     0.451     0.451     0.451     0.451     0.451     0.451     0.451
     0.451
 455
     0.000     0.111     0.186     0.238     0.276     0.304     0.325     0.342     0.357     0.369
     0.379     0.388     0.395     0.402     0.407     0.412     0.416     0.419     0.422     0.425
     0.427     0.428     0.430     0.431     0.432     0.433     0.434     0.435     0.435     0.436
     0.436     0.436     0.437     0.437     0.437     0.437     0.438     0.438     0.438     0.438
     0.438     0.438     0.438     0.438     0.438     0.438     0.439     0.439     0.439     0.439
     0.439
 460
     0.000     0.109     0.183     0.234     0.270     0.297     0.318     0.334     0.348     0.360
     0.369     0.378     0.385     0.392     0.397     0.401     0.405     0.408     0.411     0.413
     0.415     0.417     0.418     0.419     0.420     0.421     0.422     0.423     0.423     0.424
     0.424     0.425     0.425     0.425     0.425     0.426     0.426     0.426     0.426     0.426
     0.426     0.426     0.426     0.426     0.426     0.426     0.427     0.427     0.427     0.427
     0.427
 465
     0.000     0.107     0.179     0.229     0.264     0.291     0.311     0.327     0.340     0.351
     0.360     0.369     0.376     0.382     0.387     0.391     0.394     0.397     0.400     0.402
     0.404     0.406     0.407     0.408     0.409     0.410     0.411     0.412     0.412     0.413
     0.413     0.413     0.413     0.414     0.414     0.414     0.414     0.414     0.415     0.415
     0.415     0.415     0.415     0.415     0.415     0.415     0.415     0.415     0.415     0.415
     0.415
 470
     0.000     0.106     0.176     0.224     0.259     0.284     0.304     0.319     0.332     0.343
     0.352     0.360     0.367     0.372     0.377     0.381     0.384     0.387     0.390     0.392
     0.394     0.395     0.397     0.398     0.399     0.400     0.400     0.401     0.401     0.402
     0.402     0.402     0.403     0.403     0.403     0.403     0.403     0.404     0.404     0.404
     0.404     0.404     0.404     0.404     0.404     0.404     0.404     0.404     0.404     0.404
     0.404
 475
     0.000     0.104     0.173     0.220     0.254     0.279     0.298     0.313     0.325     0.335
     0.344     0.351     0.358     0.363     0.368     0.372     0.375     0.378     0.380     0.382
     0.384     0.385     0.387     0.388     0.389     0.389     0.390     0.391     0.391     0.391
     0.392     0.392     0.392     0.393     0.393     0.393     0.393     0.393     0.393     0.393
     0.394     0.394     0.394     0.394     0.394     0.394     0.394     0.394     0.394     0.394
     0.394
 480
     0.000     0.102     0.170     0.216     0.249     0.273     0.291     0.306     0.318     0.327
     0.336     0.343     0.349     0.355     0.359     0.363     0.366     0.368     0.371     0.373
     0.374     0.376     0.377     0.378     0.379     0.380     0.380     0.381     0.381     0.382
     0.382     0.382     0.383     0.383     0.383     0.383     0.383     0.383     0.383     0.384
     0.384     0.384     0.384     0.384     0.384     0.384     0.384     0.384     0.384     0.384
     0.384
 485
     0.000     0.100     0.167     0.212     0.244     0.268     0.285     0.299     0.311     0.320
     0.328     0.335     0.341     0.346     0.351     0.354     0.357     0.360     0.362     0.364
     0.365     0.367     0.368     0.369     0.370     0.370     0.371     0.372     0.372     0.372
     0.373     0.373     0.373     0.373     0.374     0.374     0.374     0.374     0.374     0.374
     0.374     0.374     0.374     0.374     0.374     0.374     0.375     0.375     0.375     0.375
     0.375
 490
     0.000     0.099     0.164     0.208     0.240     0.262     0.280     0.293     0.304     0.313
     0.321     0.328     0.334     0.338     0.342     0.346     0.349     0.351     0.353     0.355
     0.357     0.358     0.359     0.360     0.361     0.362     0.362     0.363     0.363     0.363
     0.364     0.364     0.364     0.364     0.365     0.365     0.365     0.365     0.365     0.365
     0.365     0.365     0.365     0.365     0.365     0.365     0.365     0.366     0.366     0.366
     0.366
 495
     0.000     0.097     0.161     0.205     0.235     0.257     0.274     0.287     0.298     0.307
     0.314     0.321     0.326     0.331     0.335     0.338     0.341     0.343     0.345     0.347
     0.348     0.350     0.351     0.352     0.352     0.353     0.354     0.354     0.354     0.355
     0.355     0.355     0.356     0.356     0.356     0.356     0.356     0.356     0.356     0.357
     0.357     0.357     0.357     0.357     0.357     0.357     0.357     0.357     0.357     0.357
     0.357
 500
     0.000     0.096     0.159     0.201     0.231     0.253     0.269     0.282     0.292     0.301
     0.308     0.314     0.319     0.324     0.327     0.331     0.333     0.336     0.337     0.339
     0.340     0.342     0.343     0.344     0.344     0.345     0.345     0.346     0.346     0.347
     0.347     0.347     0.347     0.348     0.348     0.348     0.348     0.348     0.348     0.348
     0.348     0.348     0.348     0.348     0.349     0.349     0.349     0.349     0.349     0.349
     0.349
 505
     0.000     0.094     0.156     0.198     0.227     0.248     0.264     0.276     0.286     0.294
     0.301     0.307     0.312     0.317     0.320     0.323     0.326     0.328     0.330     0.332
     0.333     0.334     0.335     0.336     0.337     0.337     0.338     0.338     0.339     0.339
     0.339     0.339     0.340     0.340     0.340     0.340     0.340     0.340     0.340     0.340
     0.340     0.340     0.341     0.341     0.341     0.341     0.341     0.341     0.341     0.341
     0.341
 510
     0.000     0.093     0.154     0.195     0.223     0.244     0.259     0.271     0.281     0.289
     0.295     0.301     0.306     0.310     0.314     0.316     0.319     0.321     0.323     0.324
     0.326     0.327     0.328     0.328     0.329     0.330     0.330     0.331     0.331     0.331
     0.332     0.332     0.332     0.332     0.332     0.332     0.333     0.333     0.333     0.333
     0.333     0.333     0.333     0.333     0.333     0.333     0.333     0.333     0.333     0.333
     0.333
 515
     0.000     0.091     0.151     0.192     0.219     0.240     0.255     0.266     0.275     0.283
     0.290     0.295     0.300     0.304     0.307     0.310     0.312     0.314     0.316     0.317
     0.319     0.320     0.321     0.321     0.322     0.323     0.323     0.323     0.324     0.324
     0.324     0.325     0.325     0.325     0.325     0.325     0.325     0.325     0.325     0.326
     0.326     0.326     0.326     0.326     0.326     0.326     0.326     0.326     0.326     0.326
     0.326
 520
     0.000     0.090     0.149     0.189     0.216     0.235     0.250     0.261     0.270     0.278
     0.284     0.289     0.294     0.298     0.301     0.304     0.306     0.308     0.309     0.311
     0.312     0.313     0.314     0.315     0.315     0.316     0.316     0.317     0.317     0.317
     0.317     0.318     0.318     0.318     0.318     0.318     0.318     0.318     0.319     0.319
     0.319     0.319     0.319     0.319     0.319     0.319     0.319     0.319     0.319     0.319
     0.319
 525
     0.000     0.089     0.147     0.186     0.212     0.231     0.246     0.257     0.265     0.273
     0.279     0.284     0.288     0.292     0.295     0.297     0.300     0.301     0.303     0.304
     0.306     0.307     0.307     0.308     0.309     0.309     0.310     0.310     0.310     0.311
     0.311     0.311     0.311     0.311     0.312     0.312     0.312     0.312     0.312     0.312
     0.312     0.312     0.312     0.312     0.312     0.312     0.312     0.312     0.312     0.312
     0.312
 530
     0.000     0.088     0.145     0.183     0.209     0.228     0.242     0.252     0.261     0.268
     0.273     0.278     0.283     0.286     0.289     0.292     0.294     0.295     0.297     0.298
     0.299     0.300     0.301     0.302     0.302     0.303     0.303     0.304     0.304     0.304
     0.304     0.305     0.305     0.305     0.305     0.305     0.305     0.305     0.305     0.306
     0.306     0.306     0.306     0.306     0.306     0.306     0.306     0.306     0.306     0.306
     0.306
 535
     0.000     0.086     0.143     0.180     0.206     0.224     0.238     0.248     0.256     0.263
     0.268     0.273     0.277     0.281     0.284     0.286     0.288     0.290     0.291     0.292
     0.293     0.294     0.295     0.296     0.296     0.297     0.297     0.298     0.298     0.298
     0.298     0.299     0.299     0.299     0.299     0.299     0.299     0.299     0.299     0.299
     0.299     0.299     0.300     0.300     0.300     0.300     0.300     0.300     0.300     0.300
     0.300
 540
     0.000     0.085     0.141     0.177     0.203     0.220     0.234     0.244     0.252     0.258
     0.264     0.268     0.272     0.275     0.278     0.280     0.282     0.284     0.286     0.287
     0.288     0.289     0.289     0.290     0.291     0.291     0.291     0.292     0.292     0.292
     0.292     0.293     0.293     0.293     0.293     0.293     0.293     0.293     0.293     0.293
     0.294     0.294     0.294     0.294     0.294     0.294     0.294     0.294     0.294     0.294
     0.294
 545
     0.000     0.084     0.139     0.175     0.200     0.217     0.230     0.240     0.247     0.254
     0.259     0.263     0.267     0.270     0.273     0.275     0.277     0.279     0.280     0.281
     0.282     0.283     0.284     0.284     0.285     0.285     0.286     0.286     0.286     0.287
     0.287     0.287     0.287     0.287     0.287     0.287     0.288     0.288     0.288     0.288
     0.288     0.288     0.288     0.288     0.288     0.288     0.288     0.288     0.288     0.288
     0.288
 550
     0.000     0.083     0.137     0.172     0.197     0.214     0.226     0.236     0.243     0.249
     0.255     0.259     0.262     0.266     0.268     0.270     0.272     0.274     0.275     0.276
     0.277     0.278     0.279     0.279     0.280     0.280     0.280     0.281     0.281     0.281
     0.281     0.282     0.282     0.282     0.282     0.282     0.282     0.282     0.282     0.282
     0.282     0.282     0.282     0.282     0.282     0.282     0.283     0.283     0.283     0.283
     0.283
 555
     0.000     0.082     0.135     0.170     0.194     0.211     0.223     0.232     0.239     0.245
     0.250     0.254     0.258     0.261     0.263     0.265     0.267     0.269     0.270     0.271
     0.272     0.273     0.273     0.274     0.274     0.275     0.275     0.275     0.276     0.276
     0.276     0.276     0.276     0.277     0.277     0.277     0.277     0.277     0.277     0.277
     0.277     0.277     0.277     0.277     0.277     0.277     0.277     0.277     0.277     0.277
     0.277
 560
     0.000     0.081     0.133     0.168     0.191     0.207     0.219     0.228     0.236     0.241
     0.246     0.250     0.254     0.256     0.259     0.261     0.262     0.264     0.265     0.266
     0.267     0.268     0.268     0.269     0.269     0.270     0.270     0.270     0.271     0.271
     0.271     0.271     0.271     0.271     0.272     0.272     0.272     0.272     0.272     0.272
     0.272     0.272     0.272     0.272     0.272     0.272     0.272     0.272     0.272     0.272
     0.272
 565
     0.000     0.080     0.131     0.165     0.188     0.204     0.216     0.225     0.232     0.237
     0.242     0.246     0.249     0.252     0.254     0.256     0.258     0.259     0.260     0.261
     0.262     0.263     0.264     0.264     0.265     0.265     0.265     0.266     0.266     0.266
     0.266     0.266     0.266     0.267     0.267     0.267     0.267     0.267     0.267     0.267
     0.267     0.267     0.267     0.267     0.267     0.267     0.267     0.267     0.267     0.267
     0.267
 570
     0.000     0.079     0.130     0.163     0.186     0.202     0.213     0.222     0.228     0.234
     0.238     0.242     0.245     0.248     0.250     0.252     0.253     0.255     0.256     0.257
     0.258     0.258     0.259     0.260     0.260     0.260     0.261     0.261     0.261     0.261
     0.262     0.262     0.262     0.262     0.262     0.262     0.262     0.262     0.262     0.262
     0.262     0.262     0.262     0.262     0.262     0.262     0.262     0.263     0.263     0.263
     0.263
 575
     0.000     0.078     0.128     0.161     0.183     0.199     0.210     0.218     0.225     0.230
     0.234     0.238     0.241     0.244     0.246     0.248     0.249     0.251     0.252     0.253
     0.253     0.254     0.255     0.255     0.255     0.256     0.256     0.256     0.257     0.257
     0.257     0.257     0.257     0.257     0.257     0.258     0.258     0.258     0.258     0.258
     0.258     0.258     0.258     0.258     0.258     0.258     0.258     0.258     0.258     0.258
     0.258
 580
     0.000     0.077     0.127     0.159     0.181     0.196     0.207     0.215     0.221     0.227
     0.231     0.234     0.237     0.240     0.242     0.244     0.245     0.246     0.247     0.248
     0.249     0.250     0.250     0.251     0.251     0.252     0.252     0.252     0.252     0.252
     0.253     0.253     0.253     0.253     0.253     0.253     0.253     0.253     0.253     0.253
     0.253     0.253     0.253     0.253     0.253     0.254     0.254     0.254     0.254     0.254
     0.254
 585
     0.000     0.076     0.125     0.157     0.178     0.193     0.204     0.212     0.218     0.223
     0.227     0.231     0.234     0.236     0.238     0.240     0.241     0.242     0.243     0.244
     0.245     0.246     0.246     0.247     0.247     0.247     0.248     0.248     0.248     0.248
     0.248     0.249     0.249     0.249     0.249     0.249     0.249     0.249     0.249     0.249
     0.249     0.249     0.249     0.249     0.249     0.249     0.249     0.249     0.249     0.249
     0.249
 590
     0.000     0.075     0.124     0.155     0.176     0.191     0.201     0.209     0.215     0.220
     0.224     0.227     0.230     0.232     0.234     0.236     0.237     0.238     0.239     0.240
     0.241     0.242     0.242     0.243     0.243     0.243     0.244     0.244     0.244     0.244
     0.244     0.244     0.245     0.245     0.245     0.245     0.245     0.245     0.245     0.245
     0.245     0.245     0.245     0.245     0.245     0.245     0.245     0.245     0.245     0.245
     0.245
 595
     0.000     0.074     0.122     0.153     0.174     0.188     0.199     0.206     0.212     0.217
     0.221     0.224     0.227     0.229     0.231     0.232     0.234     0.235     0.236     0.236
     0.237     0.238     0.238     0.239     0.239     0.239     0.240     0.240     0.240     0.240
     0.240     0.240     0.241     0.241     0.241     0.241     0.241     0.241     0.241     0.241
     0.241     0.241     0.241     0.241     0.241     0.241     0.241     0.241     0.241     0.241
     0.241
 600
     0.000     0.074     0.121     0.151     0.172     0.186     0.196     0.203     0.209     0.214
     0.217     0.221     0.223     0.225     0.227     0.229     0.230     0.231     0.232     0.233
     0.233     0.234     0.235     0.235     0.235     0.236     0.236     0.236     0.236     0.236
     0.237     0.237     0.237     0.237     0.237     0.237     0.237     0.237     0.237     0.237
     0.237     0.237     0.237     0.237     0.237     0.237     0.237     0.237     0.237     0.237
     0.237
 605
     0.000     0.073     0.119     0.149     0.170     0.183     0.193     0.201     0.206     0.211
     0.214     0.217     0.220     0.222     0.224     0.225     0.227     0.228     0.228     0.229
     0.230     0.230     0.231     0.231     0.232     0.232     0.232     0.232     0.233     0.233
     0.233     0.233     0.233     0.233     0.233     0.233     0.233     0.233     0.233     0.233
     0.233     0.234     0.234     0.234     0.234     0.234     0.234     0.234     0.234     0.234
     0.234
 610
     0.000     0.072     0.118     0.148     0.168     0.181     0.191     0.198     0.203     0.208
     0.211     0.214     0.217     0.219     0.221     0.222     0.223     0.224     0.225     0.226
     0.226     0.227     0.227     0.228     0.228     0.228     0.229     0.229     0.229     0.229
     0.229     0.229     0.229     0.230     0.230     0.230     0.230     0.230     0.230     0.230
     0.230     0.230     0.230     0.230     0.230     0.230     0.230     0.230     0.230     0.230
     0.230
 615
     0.000     0.071     0.117     0.146     0.166     0.179     0.188     0.195     0.201     0.205
     0.208     0.211     0.214     0.216     0.217     0.219     0.220     0.221     0.222     0.222
     0.223     0.224     0.224     0.224     0.225     0.225     0.225     0.225     0.226     0.226
     0.226     0.226     0.226     0.226     0.226     0.226     0.226     0.226     0.226     0.226
     0.226     0.226     0.226     0.226     0.226     0.227     0.227     0.227     0.227     0.227
     0.227
 620
     0.000     0.070     0.115     0.144     0.164     0.177     0.186     0.193     0.198     0.202
     0.206     0.208     0.211     0.213     0.214     0.216     0.217     0.218     0.218     0.219
     0.220     0.220     0.221     0.221     0.221     0.222     0.222     0.222     0.222     0.222
     0.222     0.223     0.223     0.223     0.223     0.223     0.223     0.223     0.223     0.223
     0.223     0.223     0.223     0.223     0.223     0.223     0.223     0.223     0.223     0.223
     0.223
 625
     0.000     0.070     0.114     0.143     0.162     0.175     0.184     0.191     0.196     0.200
     0.203     0.206     0.208     0.210     0.211     0.213     0.214     0.215     0.215     0.216
     0.217     0.217     0.217     0.218     0.218     0.218     0.219     0.219     0.219     0.219
     0.219     0.219     0.219     0.219     0.220     0.220     0.220     0.220     0.220     0.220
     0.220     0.220     0.220     0.220     0.220     0.220     0.220     0.220     0.220     0.220
     0.220
 630
     0.000     0.069     0.113     0.141     0.160     0.173     0.182     0.188     0.193     0.197
     0.200     0.203     0.205     0.207     0.208     0.210     0.211     0.212     0.212     0.213
     0.214     0.214     0.214     0.215     0.215     0.215     0.215     0.216     0.216     0.216
     0.216     0.216     0.216     0.216     0.216     0.216     0.216     0.216     0.217     0.217
     0.217     0.217     0.217     0.217     0.217     0.217     0.217     0.217     0.217     0.217
     0.217
 635
     0.000     0.068     0.112     0.140     0.158     0.171     0.179     0.186     0.191     0.195
     0.198     0.200     0.202     0.204     0.206     0.207     0.208     0.209     0.209     0.210
     0.211     0.211     0.211     0.212     0.212     0.212     0.212     0.213     0.213     0.213
     0.213     0.213     0.213     0.213     0.213     0.213     0.213     0.213     0.213     0.213
     0.214     0.214     0.214     0.214     0.214     0.214     0.214     0.214     0.214     0.214
     0.214
 640
     0.000     0.068     0.111     0.138     0.156     0.169     0.177     0.184     0.188     0.192
     0.195     0.198     0.200     0.201     0.203     0.204     0.205     0.206     0.207     0.207
     0.208     0.208     0.208     0.209     0.209     0.209     0.209     0.210     0.210     0.210
     0.210     0.210     0.210     0.210     0.210     0.210     0.210     0.210     0.210     0.210
     0.211     0.211     0.211     0.211     0.211     0.211     0.211     0.211     0.211     0.211
     0.211
 645
     0.000     0.067     0.109     0.137     0.155     0.167     0.175     0.181     0.186     0.190
     0.193     0.195     0.197     0.199     0.200     0.201     0.202     0.203     0.204     0.204
     0.205     0.205     0.206     0.206     0.206     0.206     0.207     0.207     0.207     0.207
     0.207     0.207     0.207     0.207     0.207     0.207     0.207     0.208     0.208     0.208
     0.208     0.208     0.208     0.208     0.208     0.208     0.208     0.208     0.208     0.208
     0.208
 650
     0.000     0.066     0.108     0.135     0.153     0.165     0.173     0.179     0.184     0.187
     0.190     0.193     0.195     0.196     0.198     0.199     0.200     0.200     0.201     0.202
     0.202     0.203     0.203     0.203     0.203     0.204     0.204     0.204     0.204     0.204
     0.204     0.204     0.204     0.205     0.205     0.205     0.205     0.205     0.205     0.205
     0.205     0.205     0.205     0.205     0.205     0.205     0.205     0.205     0.205     0.205
     0.205
 655
     0.000     0.066     0.107     0.134     0.151     0.163     0.171     0.177     0.182     0.185
     0.188     0.190     0.192     0.194     0.195     0.196     0.197     0.198     0.198     0.199
     0.199     0.200     0.200     0.200     0.201     0.201     0.201     0.201     0.201     0.202
     0.202     0.202     0.202     0.202     0.202     0.202     0.202     0.202     0.202     0.202
     0.202     0.202     0.202     0.202     0.202     0.202     0.202     0.202     0.202     0.202
     0.202
 660
     0.000     0.065     0.106     0.133     0.150     0.161     0.169     0.175     0.180     0.183
     0.186     0.188     0.190     0.191     0.193     0.194     0.195     0.195     0.196     0.196
     0.197     0.197     0.198     0.198     0.198     0.198     0.198     0.199     0.199     0.199
     0.199     0.199     0.199     0.199     0.199     0.199     0.199     0.199     0.199     0.199
     0.199     0.199     0.199     0.199     0.199     0.199     0.199     0.200     0.200     0.200
     0.200
 665
     0.000     0.064     0.105     0.131     0.148     0.160     0.168     0.173     0.178     0.181
     0.184     0.186     0.187     0.189     0.190     0.191     0.192     0.193     0.193     0.194
     0.194     0.195     0.195     0.195     0.196     0.196     0.196     0.196     0.196     0.196
     0.196     0.196     0.197     0.197     0.197     0.197     0.197     0.197     0.197     0.197
     0.197     0.197     0.197     0.197     0.197     0.197     0.197     0.197     0.197     0.197
     0.197
 670
     0.000     0.064     0.104     0.130     0.147     0.158     0.166     0.171     0.176     0.179
     0.181     0.183     0.185     0.187     0.188     0.189     0.190     0.190     0.191     0.191
     0.192     0.192     0.193     0.193     0.193     0.193     0.193     0.194     0.194     0.194
     0.194     0.194     0.194     0.194     0.194     0.194     0.194     0.194     0.194     0.194
     0.194     0.194     0.194     0.194     0.194     0.194     0.194     0.194     0.194     0.194
     0.194
 675
     0.000     0.063     0.103     0.129     0.145     0.156     0.164     0.170     0.174     0.177
     0.179     0.181     0.183     0.184     0.186     0.187     0.187     0.188     0.189     0.189
     0.190     0.190     0.190     0.190     0.191     0.191     0.191     0.191     0.191     0.191
     0.191     0.192     0.192     0.192     0.192     0.192     0.192     0.192     0.192     0.192
     0.192     0.192     0.192     0.192     0.192     0.192     0.192     0.192     0.192     0.192
     0.192
 680
     0.000     0.063     0.102     0.127     0.144     0.155     0.162     0.168     0.172     0.175
     0.177     0.179     0.181     0.182     0.183     0.184     0.185     0.186     0.186     0.187
     0.187     0.188     0.188     0.188     0.188     0.189     0.189     0.189     0.189     0.189
     0.189     0.189     0.189     0.189     0.189     0.189     0.189     0.189     0.189     0.189
     0.189     0.190     0.190     0.190     0.190     0.190     0.190     0.190     0.190     0.190
     0.190
 685
     0.000     0.062     0.101     0.126     0.142     0.153     0.161     0.166     0.170     0.173
     0.175     0.177     0.179     0.180     0.181     0.182     0.183     0.184     0.184     0.185
     0.185     0.185     0.186     0.186     0.186     0.186     0.186     0.187     0.187     0.187
     0.187     0.187     0.187     0.187     0.187     0.187     0.187     0.187     0.187     0.187
     0.187     0.187     0.187     0.187     0.187     0.187     0.187     0.187     0.187     0.187
     0.187
 690
     0.000     0.062     0.100     0.125     0.141     0.152     0.159     0.164     0.168     0.171
     0.173     0.175     0.177     0.178     0.179     0.180     0.181     0.181     0.182     0.182
     0.183     0.183     0.183     0.184     0.184     0.184     0.184     0.184     0.184     0.184
     0.185     0.185     0.185     0.185     0.185     0.185     0.185     0.185     0.185     0.185
     0.185     0.185     0.185     0.185     0.185     0.185     0.185     0.185     0.185     0.185
     0.185
 695
     0.000     0.061     0.099     0.124     0.140     0.150     0.157     0.163     0.166     0.169
     0.171     0.173     0.175     0.176     0.177     0.178     0.179     0.179     0.180     0.180
     0.181     0.181     0.181     0.181     0.182     0.182     0.182     0.182     0.182     0.182
     0.182     0.182     0.182     0.183     0.183     0.183     0.183     0.183     0.183     0.183
     0.183     0.183     0.183     0.183     0.183     0.183     0.183     0.183     0.183     0.183
     0.183
 700
     0.000     0.060     0.098     0.123     0.138     0.149     0.156     0.161     0.165     0.167
     0.170     0.171     0.173     0.174     0.175     0.176     0.177     0.177     0.178     0.178
     0.179     0.179     0.179     0.179     0.180     0.180     0.180     0.180     0.180     0.180
     0.180     0.180     0.180     0.180     0.180     0.180     0.181     0.181     0.181     0.181
     0.181     0.181     0.181     0.181     0.181     0.181     0.181     0.181     0.181     0.181
     0.181
